1.713190586658143023e-06
1.669644442831644192e-06
1.651872095523917311e-06
1.601770632999357468e-06
1.570601548403412940e-06
1.545850057192209653e-06
1.508549092825582718e-06
1.486286844469908246e-06
1.462428120663650218e-06
1.435107519237269907e-06
1.410625043858391226e-06
1.380963147071527307e-06
1.359888643276727660e-06
1.333318189492398277e-06
1.315834059059421430e-06
1.290670943494095211e-06
1.271311214410231427e-06
1.249516275433287126e-06
1.230916300577041393e-06
1.213395084568972632e-06
1.195922329536467109e-06
1.178059677385320524e-06
1.158414217601164276e-06
1.144242358407943467e-06
1.127086570604198516e-06
1.110258296730663858e-06
1.093853048551667645e-06
5.655864366811574499e-06
9.432916092043493390e-05
1.849003977268255140e-03
3.225573733431052331e-02
2.292655073542889443e+00
6.997660841789147526e+02
7.034007448182844655e+02
7.069114716932766669e+02
7.103060729720488098e+02
7.135916140113940855e+02
7.167745120180272806e+02
7.198606157303200916e+02
7.228552729219013600e+02
7.257633879296378154e+02
7.285894709526290853e+02
7.313376805183917213e+02
7.340118602407466142e+02
7.366155707813715026e+02
7.391521177595517429e+02
7.416245762216877893e+02
7.440358121758607695e+02
7.463885016111763662e+02
7.486851473524490075e+02
7.509280940443389909e+02
7.531195415129470803e+02
7.552615567148188802e+02
7.573560844519695365e+02
7.594049570053055049e+02
7.614099028171399368e+02
7.633725543351320084e+02
7.652944551146302956e+02
7.671770662633902020e+02
7.690217723016409082e+02
7.708298865009829797e+02
7.726026557577580434e+02
7.743412650494319678e+02
7.760468415168768388e+02
7.777204582100939660e+02
7.793631375307186318e+02
7.809758544006903094e+02
7.825595391832467840e+02
7.841150803794071180e+02
7.856433271206727795e+02
7.871450914763975106e+02
7.886211505923350842e+02
7.900722486752133591e+02
7.914990988365690328e+02
7.929023848078630863e+02
7.942827625376147580e+02
7.956408616802827964e+02
7.969772869857245041e+02
7.982926195971323295e+02
7.995874182647255566e+02
8.008622204817037300e+02
8.021175435484766467e+02
8.033538855705487549e+02
8.045717263950277811e+02
8.057715284903072188e+02
8.069537377730150638e+02
8.081187843860175235e+02
8.092670834309808470e+02
8.103990356586069765e+02
8.115150281195586786e+02
8.126154347786482504e+02
8.137006170948692443e+02
8.147709245694543370e+02
8.158266952641683929e+02
8.168682562916623056e+02
8.178959242797769775e+02
8.189100058113996283e+02
8.199107978414265290e+02
8.208985880922939486e+02
8.218736554293002428e+02
