1.697623097046397449e-08
1.610133695469576579e-08
1.506972317524130278e-08
1.413575968298850080e-08
1.341646870142086933e-08
1.265322956862424489e-08
1.934504102441699858e-07
1.764924577245657528e-05
2.235054704710094306e-03
2.345459478336497094e-01
7.494522087023979928e+00
3.076607544532155458e+01
1.052476346188302330e+02
3.422834618636049981e+02
3.607814557174353354e+02
3.776292384083057527e+02
3.931410584730130608e+02
4.075342241800371426e+02
4.209692708888674701e+02
4.335698832528365756e+02
4.454344073747712400e+02
4.566429698734812064e+02
4.672621233121785735e+02
4.773480129112085706e+02
4.869486146273045506e+02
4.961053654387185929e+02
5.048543816114752758e+02
5.132273891192953670e+02
5.212524476579053498e+02
5.289545232545631279e+02
5.363559475865505419e+02
5.434767910291938051e+02
5.503351689819627381e+02
5.569474958740506736e+02
5.633286976327651701e+02
5.694923908080882029e+02
5.754510346616871175e+02
5.812160611359157656e+02
5.867979865750991166e+02
5.922065082800453411e+02
5.974505883695555895e+02
6.025385269518664018e+02
6.074780262402168773e+02
6.122762469554783138e+02
6.169398581265978692e+02
6.214750812133136151e+02
6.258877293248360729e+02
6.301832421855068560e+02
6.343667173979217750e+02
6.384429384711629609e+02
