1.699978138735056861e-08
1.605553961573380950e-08
1.503625568175411314e-08
7.464711330294439708e-08
3.532089399437763788e-06
1.533823139189083404e-04
6.225761688435070031e-03
2.438801243239833716e-01
2.336449583338628244e+01
2.290152321667212902e+02
2.695018746535760101e+02
2.980330235495845272e+02
3.216571529892714238e+02
3.422860695355056464e+02
3.607814631672364385e+02
3.776292385179106077e+02
3.931410584797699244e+02
4.075342241809555048e+02
4.209692708890128188e+02
4.335698832528627804e+02
4.454344073747798234e+02
4.566429698734896192e+02
4.672621233121858495e+02
4.773480129112151644e+02
4.869486146273117697e+02
4.961053654387246752e+02
5.048543816114819265e+02
5.132273891193024156e+02
5.212524476579126258e+02
5.289545232545697218e+02
5.363559475865581589e+02
5.434767910292002853e+02
5.503351689819694457e+02
5.569474958740570401e+02
5.633286976327718776e+02
5.694923908080952515e+02
5.754510346616921197e+02
5.812160611359204268e+02
5.867979865751033230e+02
5.922065082800500022e+02
5.974505883695602506e+02
6.025385269518709492e+02
6.074780262402218796e+02
6.122762469554834297e+02
6.169398581266034398e+02
6.214750812133191857e+02
6.258877293248414162e+02
6.301832421855124267e+02
6.343667173979272320e+02
6.384429384711678495e+02
