1.705202631912762397e-06
1.676971946906503639e-06
1.642783404108309584e-06
1.614715362116146646e-06
1.594034479863580936e-06
1.565249793338629750e-06
1.545303081887701017e-06
1.528252458710242591e-06
1.501923259956982649e-06
1.482590308337386136e-06
1.455960506786515201e-06
1.436842556526531087e-06
1.414896696390958727e-06
1.401094338529073740e-06
1.380197518274671643e-06
1.364594368833607827e-06
1.345990187670756061e-06
1.331406700079623667e-06
1.312654896097201283e-06
1.295306709972787478e-06
1.279358975892348499e-06
1.262272767835498865e-06
2.722962139873728463e-06
3.027805177620380484e-05
6.484541290072489165e-04
8.540721923462742116e-02
3.532879836126988948e+02
4.706085664131699104e+02
5.069890899005887945e+02
5.316054544130992099e+02
5.507727196910894918e+02
5.666455603105461023e+02
5.802658724446550877e+02
5.922303352412470758e+02
6.029175064144465068e+02
6.125847992617362934e+02
6.214162767639917320e+02
6.295486832178894474e+02
6.370867148622609193e+02
6.441125077974937767e+02
6.506918100070140554e+02
6.568781501157272942e+02
6.627157427897627713e+02
6.682415681941059802e+02
6.734868946783526553e+02
6.784784160982330832e+02
6.832391162050863613e+02
6.877889357836570525e+02
6.921452946549064791e+02
6.963235051678902892e+02
7.003371033880665664e+02
7.041981170437538822e+02
7.079172843011912164e+02
7.115042338946032032e+02
7.149676345834632230e+02
7.183153200429015897e+02
7.215543939124814870e+02
7.246913186952253909e+02
7.277319914169783033e+02
7.306818083590136439e+02
7.335457207161831548e+02
7.363282826747883973e+02
7.390336931235327711e+02
7.416658319890867688e+02
7.442282920113434557e+02
7.467244066321297851e+02
7.491572745572580061e+02
7.515297814594777037e+02
7.538446192146537896e+02
7.561043030018211084e+02
7.583111865469379609e+02
7.604674757481911911e+02
7.625752408857132423e+02
7.646364275893765807e+02
7.666528667139401705e+02
7.686262832501602134e+02
7.705583043831315990e+02
7.724504667943350569e+02
7.743042232913688849e+02
7.761209488385825352e+02
7.779019460526787952e+02
7.796484502194845163e+02
7.813616338812632875e+02
7.830426110381331455e+02
7.846924410020028517e+02
7.863121319371329037e+02
7.879026441174473803e+02
7.894648929275068667e+02
7.909997516310411356e+02
7.925080539283754888e+02
7.939905963218602665e+02
7.954481403063914513e+02
7.968814144003570163e+02
7.982911160308266290e+02
7.996779132853691863e+02
8.010424465417214606e+02
8.023853299854054058e+02
8.037071530244414816e+02
8.050084816094640701e+02
8.062898594667153702e+02
