1.712666668410922489e-08
1.680328308259275583e-08
1.663963330347531267e-08
1.642729980353339966e-08
1.624854569636810591e-08
1.619757311796420075e-08
1.599727982864719767e-08
1.576325774091362499e-08
1.564441631663137249e-08
1.549418213524695647e-08
1.527142440915501120e-08
1.511572837211549069e-08
1.501421655579807951e-08
1.481386047306805775e-08
1.470329604780368024e-08
1.456639829958182623e-08
1.448836313045003411e-08
1.435484749364501903e-08
1.414498928748560619e-08
1.408918099189673797e-08
1.389187234705270859e-08
1.380257071468230703e-08
1.369064166442236454e-08
1.352234071517474712e-08
1.341660598804612885e-08
1.330878746742011550e-08
1.321179091076244427e-08
1.310287653085207523e-08
1.296357546712148457e-08
1.283787852456829472e-08
1.274485600417367517e-08
1.267423355725477006e-08
1.257350215731196551e-08
1.243118193936266399e-08
1.236779807430340478e-08
1.222189374951086187e-08
1.216670723492822083e-08
1.202937566041457070e-08
1.193234533112812974e-08
1.186609579723164911e-08
1.177838370821865435e-08
1.168711443472331407e-08
1.157649161620796397e-08
1.149437049881576609e-08
1.141210643650812825e-08
1.132352794775542912e-08
1.123856962910174658e-08
1.114313633589767455e-08
4.835228414378845482e-08
2.165934282366008430e-07
9.706712667644277886e-07
4.346202236085209879e-06
1.956781782211639475e-05
8.868835729023655614e-05
4.071202447058024066e-04
1.909070161573772281e-03
9.322757063346610168e-03
4.969264569870644049e-02
3.358560381293250185e-01
1.361423681558173016e+01
5.811742299777216658e+02
5.875359707293455358e+02
5.935923721515408715e+02
5.993711419917626699e+02
6.048962530168382727e+02
6.101886042283504139e+02
6.152665390106055838e+02
6.201462563447266803e+02
6.248421408975628992e+02
6.293670307336934684e+02
6.337324364794004623e+02
6.379487222811021638e+02
6.420252563918321584e+02
6.459705373879180570e+02
6.497923006640669428e+02
6.534976088419086864e+02
6.570929289607317969e+02
6.605841987333300267e+02
6.639768836982585754e+02
6.672760267480260836e+02
6.704862912368047319e+02
6.736119986532385155e+02
6.766571616699136484e+02
6.796255132419310030e+02
6.825205323144139129e+02
6.853454666076105468e+02
6.881033528736031712e+02
6.907970349575380169e+02
6.934291799457672596e+02
6.960022926414042104e+02
6.985187285730124813e+02
7.009807057129198711e+02
7.033903150571522929e+02
7.057495301983948366e+02
7.080602160057709398e+02
7.103241365105494651e+02
7.125429620839746576e+02
7.147182759828574490e+02
7.168515803290516715e+02
7.189443015809931694e+02
